Date,Open,High,Low,Close,Volume,Adj Close
2014-12-31,4.46,4.47,4.26,4.35,20200,4.35
2014-12-30,4.30,4.36,4.30,4.36,3500,4.36
2014-12-29,4.30,4.38,4.30,4.35,15100,4.35
2014-12-26,4.28,4.38,4.25,4.25,19200,4.25
2014-12-24,4.35,4.38,4.25,4.38,6300,4.38
2014-12-23,4.29,4.41,4.29,4.38,11300,4.38
2014-12-22,4.30,4.35,4.25,4.26,82500,4.26
2014-12-19,4.46,4.49,4.31,4.35,25500,4.35
2014-12-18,4.49,4.49,4.30,4.42,17700,4.42
2014-12-17,4.49,4.50,4.43,4.49,13300,4.49
2014-12-16,4.40,4.49,4.28,4.48,18500,4.48
2014-12-15,4.36,4.47,4.33,4.40,41800,4.40
2014-12-12,4.37,4.38,4.22,4.33,35000,4.33
2014-12-11,4.48,4.48,4.38,4.38,43400,4.38
2014-12-10,4.44,4.53,4.36,4.46,15400,4.46
2014-12-09,4.56,4.56,4.38,4.45,11700,4.45
2014-12-08,4.58,4.69,4.47,4.64,16300,4.64
2014-12-05,4.48,4.70,4.48,4.62,8000,4.62
2014-12-04,4.47,4.54,4.41,4.44,9200,4.44
2014-12-03,4.32,4.44,4.28,4.44,29500,4.44
2014-12-02,4.37,4.38,4.32,4.32,1500,4.32
2014-12-01,4.40,4.42,4.32,4.40,6000,4.40
2014-11-28,4.40,4.43,4.33,4.40,2700,4.40
2014-11-26,4.45,4.45,4.41,4.41,8500,4.41
2014-11-25,4.50,4.54,4.46,4.48,10300,4.48
2014-11-24,4.49,4.59,4.47,4.50,12300,4.50
2014-11-21,4.50,4.65,4.41,4.45,62900,4.45
2014-11-20,4.32,4.56,4.31,4.41,29100,4.41
2014-11-19,4.39,4.45,4.29,4.45,65900,4.45
2014-11-18,4.40,4.45,4.31,4.39,51000,4.39
2014-11-17,4.45,4.45,4.34,4.39,75100,4.39
2014-11-14,4.58,4.61,4.42,4.48,26100,4.48
2014-11-13,4.63,4.65,4.50,4.58,71700,4.58
2014-11-12,4.53,4.65,4.53,4.56,46700,4.56
2014-11-11,4.66,4.83,4.60,4.66,24900,4.66
2014-11-10,4.88,4.89,4.60,4.66,49300,4.66
2014-11-07,4.80,4.83,4.55,4.79,58800,4.79
2014-11-06,5.01,5.01,4.59,4.79,69300,4.79
2014-11-05,4.88,4.88,4.01,4.20,23300,4.20
2014-11-04,4.25,4.48,4.18,4.18,3900,4.18
2014-11-03,4.13,4.25,4.07,4.25,9400,4.25
2014-10-31,4.13,4.15,4.03,4.10,6300,4.10
2014-10-30,4.07,4.09,4.07,4.08,1300,4.08
2014-10-29,4.12,4.12,4.09,4.11,3700,4.11
2014-10-28,4.12,4.12,4.10,4.10,1800,4.10
2014-10-27,4.04,4.09,4.03,4.09,1100,4.09
2014-10-24,3.99,4.14,3.99,4.05,2800,4.05
2014-10-23,4.02,4.02,4.02,4.02,000,4.02
2014-10-22,4.01,4.23,3.97,4.02,5300,4.02
2014-10-21,4.10,4.10,3.97,3.97,1500,3.97
2014-10-20,3.90,4.10,3.90,3.96,6000,3.96
2014-10-17,3.98,4.10,3.76,3.99,27200,3.99
2014-10-16,3.79,3.99,3.78,3.97,11400,3.97
2014-10-15,4.00,4.00,3.75,3.85,5600,3.85
2014-10-14,3.75,4.39,3.75,4.09,121200,4.09
2014-10-13,3.75,3.76,3.75,3.75,1400,3.75
2014-10-10,3.75,3.83,3.75,3.76,13300,3.76
2014-10-09,3.72,3.85,3.72,3.75,19500,3.75
2014-10-08,3.67,3.88,3.65,3.77,53900,3.77
2014-10-07,3.73,3.80,3.65,3.70,119800,3.70
2014-10-06,3.81,3.81,3.80,3.80,17800,3.80
2014-10-03,3.83,3.88,3.82,3.85,17600,3.85
2014-10-02,3.82,3.82,3.82,3.82,4100,3.82
2014-10-01,3.82,3.85,3.70,3.84,9400,3.84
2014-09-30,3.74,3.87,3.74,3.82,2200,3.82
2014-09-29,3.80,3.80,3.67,3.70,2800,3.70
2014-09-26,3.66,3.77,3.66,3.68,7100,3.68
2014-09-25,3.74,3.74,3.74,3.74,000,3.74
2014-09-24,3.74,3.74,3.74,3.74,300,3.74
2014-09-23,3.74,3.74,3.74,3.74,000,3.74
2014-09-22,3.56,3.74,3.56,3.74,2000,3.74
2014-09-19,3.82,3.82,3.62,3.63,17200,3.63
2014-09-18,3.67,3.97,3.67,3.87,4900,3.87
2014-09-17,3.61,4.00,3.61,3.70,2700,3.70
2014-09-16,3.68,3.83,3.61,3.63,3700,3.63
2014-09-15,3.65,3.70,3.60,3.69,2200,3.69
2014-09-12,3.67,3.93,3.60,3.70,4500,3.70
2014-09-11,3.64,3.84,3.61,3.67,6400,3.67
2014-09-10,3.73,3.86,3.65,3.66,20400,3.66
2014-09-09,3.79,3.85,3.73,3.78,23800,3.78
2014-09-08,3.95,3.95,3.77,3.79,21100,3.79
2014-09-05,3.90,3.97,3.81,3.91,9900,3.91
2014-09-04,3.81,4.03,3.81,3.91,12400,3.91
2014-09-03,3.79,3.90,3.78,3.80,31400,3.80
2014-09-02,3.85,3.96,3.85,3.86,9200,3.86
2014-08-29,3.90,4.07,3.79,3.86,17200,3.86
2014-08-28,3.98,4.06,3.87,3.87,8300,3.87
2014-08-27,4.16,4.16,3.88,3.92,39900,3.92
2014-08-26,3.93,3.93,3.90,3.90,17900,3.90
2014-08-25,3.90,3.96,3.90,3.96,9400,3.96
2014-08-22,3.90,3.91,3.90,3.91,2000,3.91
2014-08-21,3.92,3.92,3.82,3.91,50000,3.91
2014-08-20,4.11,4.11,3.90,4.01,23400,4.01
2014-08-19,4.17,4.25,4.11,4.20,3700,4.20
2014-08-18,4.18,4.25,4.11,4.20,4200,4.20
2014-08-15,4.13,4.24,4.13,4.21,900,4.21
2014-08-14,4.22,4.28,4.15,4.27,2600,4.27
2014-08-13,4.30,4.30,4.20,4.22,3300,4.22
2014-08-12,4.30,4.30,4.28,4.28,1400,4.28
2014-08-11,4.33,4.42,4.19,4.29,28600,4.29
2014-08-08,4.30,4.42,4.30,4.41,7800,4.41
2014-08-07,4.28,4.40,4.27,4.39,7700,4.39
2014-08-06,4.00,4.41,3.96,4.41,10700,4.41
2014-08-05,4.04,4.29,4.03,4.26,3300,4.26
2014-08-04,4.29,4.41,4.07,4.07,2300,4.07
2014-08-01,4.47,4.47,4.12,4.22,15100,4.22
2014-07-31,4.40,4.60,4.32,4.32,6700,4.32
2014-07-30,4.36,4.40,4.35,4.40,5500,4.40
2014-07-29,4.58,4.67,4.32,4.39,40100,4.39
2014-07-28,4.61,4.61,4.45,4.61,2500,4.61
2014-07-25,4.58,4.58,4.58,4.58,000,4.58
2014-07-24,4.57,4.67,4.56,4.58,6800,4.58
2014-07-23,4.51,4.70,4.39,4.52,7400,4.52
2014-07-22,4.53,4.69,4.45,4.51,27500,4.51
2014-07-21,4.80,4.89,4.54,4.65,66400,4.65
2014-07-18,4.86,4.88,4.53,4.83,21500,4.83
2014-07-17,4.94,4.95,4.77,4.95,1700,4.95
2014-07-16,5.00,5.07,4.65,4.97,12200,4.97
2014-07-15,5.04,5.08,4.89,4.95,18200,4.95
2014-07-14,4.83,5.00,4.83,4.94,14200,4.94
2014-07-11,5.09,5.09,4.81,4.87,25200,4.87
2014-07-10,5.00,5.04,4.79,5.00,8800,5.00
2014-07-09,4.99,5.02,4.97,4.97,2800,4.97
2014-07-08,5.14,5.14,4.86,5.06,7700,5.06
2014-07-07,5.19,5.19,4.86,5.08,19100,5.08
2014-07-03,4.95,5.12,4.87,5.08,25300,5.08
2014-07-02,4.66,4.95,4.57,4.84,37600,4.84
2014-07-01,4.60,4.65,4.50,4.63,29200,4.63
2014-06-30,4.43,4.62,4.43,4.60,12100,4.60
2014-06-27,4.53,4.62,4.49,4.49,7100,4.49
2014-06-26,4.39,4.56,4.37,4.52,34200,4.52
2014-06-25,4.38,4.45,4.35,4.40,7700,4.40
2014-06-24,4.36,4.38,4.27,4.34,3700,4.34
2014-06-23,4.32,4.61,4.32,4.41,38600,4.41
2014-06-20,4.26,4.37,4.25,4.33,5300,4.33
2014-06-19,4.25,4.36,4.25,4.33,5500,4.33
2014-06-18,4.31,4.32,4.26,4.26,1900,4.26
2014-06-17,4.27,4.39,4.25,4.32,3600,4.32
2014-06-16,4.31,4.45,4.15,4.33,4600,4.33
2014-06-13,4.42,4.44,4.17,4.19,17900,4.19
2014-06-12,4.07,4.53,4.02,4.33,77000,4.33
2014-06-11,4.10,4.10,4.02,4.08,4000,4.08
2014-06-10,4.01,4.13,4.01,4.08,4200,4.08
2014-06-09,4.02,4.09,4.00,4.07,12400,4.07
2014-06-06,3.99,4.05,3.99,4.05,2000,4.05
2014-06-05,4.10,4.10,4.01,4.08,1100,4.08
2014-06-04,4.05,4.15,4.05,4.15,2800,4.15
2014-06-03,4.02,4.05,3.97,4.05,1200,4.05
2014-06-02,4.03,4.10,3.92,4.05,1400,4.05
2014-05-30,3.97,4.05,3.86,4.05,6800,4.05
2014-05-29,3.98,4.02,3.98,4.02,1300,4.02
2014-05-28,3.93,4.02,3.93,3.99,8300,3.99
2014-05-27,4.13,4.13,3.96,3.96,500,3.96
2014-05-23,4.06,4.07,3.97,4.03,2900,4.03
2014-05-22,4.03,4.16,3.97,4.16,3100,4.16
2014-05-21,4.16,4.16,3.88,4.00,6900,4.00
2014-05-20,4.20,4.20,3.96,4.05,4300,4.05
2014-05-19,3.77,4.26,3.74,4.20,18400,4.20
2014-05-16,4.01,4.04,3.93,4.04,2800,4.04
2014-05-15,3.85,4.00,3.85,3.99,5400,3.99
2014-05-14,3.96,4.19,3.89,3.97,32300,3.97
2014-05-13,4.05,4.05,3.87,3.99,21800,3.99
2014-05-12,4.12,4.12,3.99,4.00,4900,4.00
2014-05-09,4.06,4.23,4.05,4.07,19800,4.07
2014-05-08,4.20,4.37,4.06,4.11,67700,4.11
2014-05-07,4.25,4.29,4.22,4.27,21100,4.27
2014-05-06,4.29,4.40,4.18,4.25,21000,4.25
2014-05-05,4.21,4.25,4.17,4.20,12800,4.20
2014-05-02,4.14,4.25,4.09,4.22,32700,4.22
2014-05-01,3.97,4.10,3.83,3.98,57600,3.98
2014-04-30,3.84,3.92,3.78,3.89,18300,3.89
2014-04-29,4.04,4.04,3.79,3.90,26800,3.90
2014-04-28,4.00,4.19,3.86,3.98,30900,3.98
2014-04-25,4.00,4.08,3.85,4.01,31600,4.01
2014-04-24,4.06,4.52,3.99,4.01,177900,4.01
2014-04-23,4.04,4.14,4.04,4.10,12100,4.10
2014-04-22,4.20,4.20,4.05,4.05,28700,4.05
2014-04-21,4.15,4.19,4.02,4.08,53800,4.08
2014-04-17,4.19,4.19,3.96,4.09,52800,4.09
2014-04-16,4.29,4.42,4.16,4.17,88300,4.17
2014-04-15,4.50,4.55,4.26,4.31,218600,4.31
2014-04-14,5.05,5.10,4.86,4.94,69800,4.94
2014-04-11,5.27,5.27,5.08,5.16,61300,5.16
2014-04-10,5.50,5.63,5.21,5.25,116600,5.25
2014-04-09,5.03,5.86,4.85,5.41,263200,5.41
2014-04-08,5.11,5.13,5.06,5.09,36900,5.09
2014-04-07,4.96,5.20,4.90,5.08,124700,5.08
2014-04-04,5.07,5.12,5.00,5.08,88500,5.08
2014-04-03,5.09,5.10,4.88,4.98,98300,4.98
2014-04-02,4.84,5.09,4.50,5.00,202100,5.00
2014-04-01,5.04,5.23,4.68,4.78,324300,4.78
2014-03-31,4.59,5.15,4.59,4.88,504100,4.88
2014-03-28,4.33,4.64,4.25,4.59,177300,4.59
2014-03-27,3.71,4.43,3.60,4.42,512900,4.42
2014-03-26,3.74,3.74,3.57,3.66,8700,3.66
2014-03-25,3.71,3.74,3.56,3.65,11300,3.65
2014-03-24,3.74,3.74,3.60,3.67,10800,3.67
2014-03-21,3.74,3.75,3.70,3.75,9800,3.75
2014-03-20,3.71,3.75,3.70,3.70,4400,3.70
2014-03-19,3.65,3.75,3.60,3.75,13700,3.75
2014-03-18,3.55,3.68,3.55,3.61,6900,3.61
2014-03-17,3.55,3.60,3.35,3.58,62300,3.58
2014-03-14,3.55,3.58,3.52,3.58,7500,3.58
2014-03-13,3.61,3.61,3.58,3.60,2800,3.60
2014-03-12,3.59,3.59,3.51,3.59,8600,3.59
2014-03-11,3.63,3.63,3.60,3.60,2700,3.60
2014-03-10,3.65,3.65,3.59,3.59,14700,3.59
2014-03-07,3.60,3.65,3.56,3.64,5800,3.64
2014-03-06,3.62,3.63,3.34,3.61,13400,3.61
2014-03-05,3.59,3.65,3.43,3.64,25200,3.64
2014-03-04,3.40,3.65,3.40,3.63,6400,3.63
2014-03-03,3.48,3.64,3.44,3.64,14500,3.64
2014-02-28,3.55,3.55,3.46,3.48,14300,3.48
2014-02-27,3.51,3.51,3.47,3.47,3200,3.47
2014-02-26,3.50,3.56,3.22,3.51,59900,3.51
2014-02-25,3.60,3.62,3.50,3.58,49400,3.58
2014-02-24,3.60,3.60,3.57,3.60,44200,3.60
2014-02-21,3.58,3.61,3.56,3.56,22800,3.56
2014-02-20,3.60,3.60,3.54,3.60,23500,3.60
2014-02-19,3.55,3.59,3.53,3.56,102100,3.56
2014-02-18,3.42,3.54,3.38,3.54,38100,3.54
2014-02-14,3.35,3.44,3.35,3.44,9000,3.44
2014-02-13,3.27,3.43,3.22,3.40,12400,3.40
2014-02-12,3.37,3.40,3.35,3.40,5200,3.40
2014-02-11,3.36,3.40,3.30,3.38,63100,3.38
2014-02-10,2.81,3.38,2.81,3.12,133800,3.12
2014-02-07,3.09,3.12,3.03,3.12,5200,3.12
2014-02-06,2.96,3.12,2.94,3.12,13400,3.12
2014-02-05,3.03,3.10,2.93,2.98,212600,2.98
2014-02-04,3.06,3.16,2.94,3.00,40800,3.00
2014-02-03,3.22,3.22,3.05,3.06,21300,3.06
2014-01-31,3.30,3.38,3.22,3.24,11100,3.24
2014-01-30,3.40,3.45,3.18,3.35,17200,3.35
2014-01-29,3.41,3.48,3.39,3.41,21300,3.41
2014-01-28,3.49,3.54,3.32,3.46,20400,3.46
2014-01-27,3.56,3.66,3.52,3.52,11100,3.52
2014-01-24,3.61,3.67,3.52,3.53,37500,3.53
2014-01-23,3.71,3.77,3.62,3.65,16300,3.65
2014-01-22,3.73,3.76,3.63,3.75,17800,3.75
2014-01-21,3.65,3.76,3.64,3.74,21400,3.74
2014-01-17,3.65,3.68,3.63,3.67,12100,3.67
2014-01-16,3.64,3.64,3.57,3.64,14200,3.64
2014-01-15,3.54,3.68,3.54,3.67,16000,3.67
2014-01-14,3.61,3.66,3.48,3.58,20200,3.58
2014-01-13,3.60,3.69,3.55,3.63,16200,3.63
2014-01-10,3.60,3.64,3.56,3.64,8700,3.64
2014-01-09,3.48,3.63,3.41,3.60,39200,3.60
2014-01-08,3.40,3.64,3.40,3.45,38600,3.45
2014-01-07,3.32,3.50,3.29,3.50,16700,3.50
2014-01-06,3.36,3.36,3.16,3.26,13200,3.26
2014-01-03,3.12,3.34,3.06,3.34,21900,3.34
2014-01-02,3.19,3.35,3.14,3.15,27100,3.15
2013-12-31,3.09,3.34,3.07,3.11,128600,3.11
2013-12-30,3.17,3.19,3.07,3.09,167700,3.09
2013-12-27,3.10,3.23,3.06,3.23,43900,3.23
2013-12-26,3.01,3.20,3.01,3.12,7400,3.12
2013-12-24,3.22,3.22,3.05,3.09,36600,3.09
2013-12-23,3.23,3.26,3.20,3.22,21900,3.22
2013-12-20,3.15,3.33,3.12,3.28,25800,3.28
2013-12-19,3.21,3.32,3.14,3.19,34100,3.19
2013-12-18,3.19,3.40,3.17,3.26,20600,3.26
2013-12-17,3.04,3.31,3.04,3.26,60300,3.26
2013-12-16,3.14,3.28,3.00,3.05,46400,3.05
2013-12-13,3.12,3.20,3.12,3.14,8400,3.14
2013-12-12,3.25,3.30,3.09,3.15,45700,3.15
2013-12-11,3.42,3.45,3.13,3.26,33600,3.26
2013-12-10,3.44,3.48,3.40,3.45,18400,3.45
2013-12-09,3.61,3.74,3.45,3.49,82100,3.49
2013-12-06,3.60,3.66,3.56,3.66,23300,3.66
2013-12-05,3.61,3.65,3.58,3.65,11500,3.65
2013-12-04,3.63,3.65,3.52,3.65,9400,3.65
2013-12-03,3.53,3.64,3.52,3.62,9900,3.62
2013-12-02,3.41,3.50,3.41,3.50,13400,3.50
2013-11-29,3.45,3.45,3.40,3.40,2800,3.40
2013-11-27,3.37,3.46,3.36,3.40,17100,3.40
2013-11-26,3.50,3.50,3.37,3.40,38700,3.40
2013-11-25,3.39,3.48,3.27,3.45,36200,3.45
2013-11-22,3.37,3.47,3.37,3.44,5000,3.44
2013-11-21,3.41,3.48,3.33,3.40,105400,3.40
2013-11-20,3.57,3.57,3.40,3.48,6500,3.48
2013-11-19,3.36,3.51,3.15,3.49,30000,3.49
2013-11-18,3.64,3.66,3.29,3.36,139200,3.36
2013-11-15,3.93,4.15,3.41,3.69,120500,3.69
2013-11-14,3.92,3.92,3.35,3.82,111900,3.82
2013-11-13,4.12,4.28,4.00,4.06,171300,4.06
2013-11-12,3.99,4.14,3.91,4.11,65800,4.11
2013-11-11,4.00,4.01,3.94,3.98,16400,3.98
2013-11-08,4.00,4.00,3.93,3.95,11900,3.95
2013-11-07,4.00,4.00,3.91,3.91,55900,3.91
2013-11-06,4.00,4.01,3.96,4.00,12100,4.00
2013-11-05,3.72,4.07,3.72,4.00,49600,4.00
2013-11-04,3.68,3.70,3.68,3.69,4100,3.69
2013-11-01,3.55,3.65,3.45,3.65,20800,3.65
2013-10-31,3.58,3.60,3.49,3.52,12100,3.52
2013-10-30,3.37,3.60,3.32,3.58,3300,3.58
2013-10-29,3.60,3.65,3.33,3.36,18200,3.36
2013-10-28,3.59,3.65,3.57,3.58,23500,3.58
2013-10-25,3.71,3.71,3.55,3.60,7800,3.60
2013-10-24,3.66,3.72,3.51,3.71,9300,3.71
2013-10-23,3.80,3.88,3.65,3.74,16700,3.74
2013-10-22,3.78,3.84,3.70,3.82,36400,3.82
2013-10-21,3.67,3.83,3.56,3.74,28000,3.74
2013-10-18,3.40,3.73,3.36,3.67,52700,3.67
2013-10-17,3.22,3.36,3.20,3.34,37500,3.34
2013-10-16,3.28,3.30,3.20,3.24,15800,3.24
2013-10-15,2.86,3.49,2.85,3.30,54400,3.30
2013-10-14,0.71,0.71,0.62,0.65,12000,3.25
2013-10-11,0.65,0.69,0.65,0.67,1300,3.35
2013-10-10,0.65,0.70,0.62,0.67,27000,3.35
2013-10-09,0.63,0.63,0.61,0.62,3600,3.10
2013-10-08,0.63,0.65,0.62,0.63,16900,3.15
2013-10-07,0.68,0.69,0.65,0.65,18700,3.25
2013-10-04,0.67,0.67,0.64,0.67,10700,3.35
2013-10-03,0.68,0.70,0.64,0.64,22100,3.20
2013-10-02,0.65,0.69,0.65,0.66,12600,3.30
2013-10-01,0.72,0.73,0.64,0.64,54600,3.20
2013-09-30,0.75,0.75,0.71,0.73,23300,3.65
2013-09-27,0.76,0.79,0.71,0.76,55000,3.80
2013-09-26,0.70,0.80,0.70,0.76,160200,3.80
2013-09-25,0.57,0.64,0.57,0.64,19000,3.20
2013-09-24,0.65,0.65,0.58,0.59,44100,2.95
2013-09-23,0.60,0.66,0.56,0.66,65300,3.30
2013-09-20,0.59,0.59,0.55,0.58,13900,2.90
2013-09-19,0.54,0.64,0.52,0.61,98700,3.05
2013-09-18,0.54,0.54,0.52,0.53,26000,2.65
2013-09-17,0.56,0.56,0.52,0.54,49800,2.70
2013-09-16,0.57,0.59,0.56,0.56,27600,2.80
2013-09-13,0.56,0.60,0.56,0.57,54900,2.85
2013-09-12,0.57,0.57,0.55,0.56,26500,2.80
2013-09-11,0.57,0.57,0.55,0.56,18300,2.80
2013-09-10,0.58,0.58,0.56,0.56,55200,2.80
2013-09-09,0.52,0.59,0.52,0.56,64700,2.80
2013-09-06,0.50,0.53,0.49,0.52,48000,2.60
2013-09-05,0.50,0.53,0.49,0.49,73600,2.45
2013-09-04,0.49,0.50,0.49,0.49,48500,2.45
2013-09-03,0.48,0.51,0.48,0.49,46900,2.45
2013-08-30,0.51,0.51,0.48,0.48,32400,2.40
2013-08-29,0.51,0.51,0.48,0.48,63000,2.40
2013-08-28,0.47,0.51,0.47,0.51,37000,2.55
2013-08-27,0.49,0.49,0.46,0.46,30200,2.30
2013-08-26,0.50,0.50,0.48,0.48,48000,2.40
2013-08-23,0.51,0.51,0.48,0.48,50000,2.40
2013-08-22,0.48,0.55,0.48,0.49,148100,2.45
2013-08-21,0.47,0.49,0.47,0.49,60800,2.45
2013-08-20,0.46,0.48,0.46,0.47,4000,2.35
2013-08-19,0.48,0.49,0.47,0.48,13200,2.40
2013-08-16,0.49,0.49,0.46,0.47,32000,2.35
2013-08-15,0.49,0.50,0.48,0.49,24700,2.45
2013-08-14,0.49,0.50,0.48,0.49,49700,2.45
2013-08-13,0.49,0.54,0.48,0.48,109000,2.40
2013-08-12,0.47,0.49,0.47,0.48,69900,2.40
2013-08-09,0.47,0.48,0.47,0.47,23700,2.35
2013-08-08,0.47,0.48,0.46,0.47,54000,2.35
2013-08-07,0.47,0.49,0.44,0.45,220200,2.25
2013-08-06,0.42,0.42,0.39,0.39,67000,1.95
2013-08-05,0.46,0.47,0.42,0.43,19700,2.15
2013-08-02,0.46,0.47,0.44,0.45,15300,2.25
2013-08-01,0.50,0.50,0.45,0.46,32200,2.30
2013-07-31,0.45,0.50,0.45,0.50,56100,2.50
2013-07-30,0.47,0.48,0.45,0.47,33600,2.35
2013-07-29,0.44,0.49,0.44,0.46,148400,2.30
2013-07-26,0.44,0.44,0.43,0.43,300,2.15
2013-07-25,0.43,0.46,0.43,0.45,16800,2.25
2013-07-24,0.45,0.45,0.43,0.43,3700,2.15
2013-07-23,0.46,0.46,0.41,0.43,12500,2.15
2013-07-22,0.45,0.50,0.44,0.45,80400,2.25
2013-07-19,0.44,0.46,0.44,0.46,9000,2.30
2013-07-18,0.45,0.47,0.44,0.46,2700,2.30
2013-07-17,0.45,0.47,0.45,0.47,15100,2.35
2013-07-16,0.47,0.47,0.46,0.47,4500,2.35
2013-07-15,0.46,0.47,0.46,0.47,5000,2.35
2013-07-12,0.49,0.49,0.46,0.47,14700,2.35
2013-07-11,0.50,0.50,0.48,0.48,5000,2.40
2013-07-10,0.46,0.52,0.46,0.48,63500,2.40
2013-07-09,0.49,0.49,0.45,0.47,4500,2.35
2013-07-08,0.49,0.49,0.45,0.46,36600,2.30
2013-07-05,0.49,0.50,0.48,0.49,13000,2.45
2013-07-03,0.49,0.49,0.48,0.49,5200,2.45
2013-07-02,0.45,0.50,0.45,0.48,30000,2.40
2013-07-01,0.49,0.49,0.45,0.45,50800,2.25
2013-06-28,0.50,0.53,0.36,0.36,64300,1.80
2013-06-27,0.50,0.53,0.50,0.51,10000,2.55
2013-06-26,0.48,0.53,0.48,0.50,39200,2.50
2013-06-25,0.52,0.52,0.49,0.51,7300,2.55
2013-06-24,0.55,0.55,0.50,0.50,15500,2.50
2013-06-21,0.56,0.56,0.54,0.56,24600,2.80
2013-06-20,0.56,0.58,0.55,0.58,6300,2.90
2013-06-19,0.59,0.59,0.56,0.59,23700,2.95
2013-06-18,0.61,0.62,0.59,0.59,27200,2.95
2013-06-17,0.63,0.63,0.60,0.61,41700,3.05
2013-06-14,0.65,0.65,0.63,0.63,7200,3.15
2013-06-13,0.64,0.67,0.63,0.64,1200,3.20
2013-06-12,0.65,0.65,0.64,0.64,2600,3.20
2013-06-11,0.65,0.68,0.63,0.64,7700,3.20
2013-06-10,0.67,0.69,0.63,0.65,9500,3.25
2013-06-07,0.69,0.70,0.62,0.67,24600,3.35
2013-06-06,0.71,0.74,0.71,0.71,5600,3.55
2013-06-05,0.72,0.72,0.66,0.68,3100,3.40
2013-06-04,0.70,0.73,0.67,0.68,3500,3.40
2013-06-03,0.66,0.70,0.65,0.69,7100,3.45
2013-05-31,0.65,0.67,0.65,0.67,4800,3.35
2013-05-30,0.65,0.67,0.64,0.65,18400,3.25
2013-05-29,0.68,0.68,0.65,0.65,18300,3.25
2013-05-28,0.68,0.68,0.65,0.65,3300,3.25
2013-05-24,0.68,0.68,0.65,0.66,4300,3.30
2013-05-23,0.63,0.67,0.63,0.65,6900,3.25
2013-05-22,0.63,0.70,0.63,0.65,1500,3.25
2013-05-21,0.63,0.68,0.63,0.65,6900,3.25
2013-05-20,0.62,0.66,0.62,0.65,7100,3.25
2013-05-17,0.62,0.69,0.62,0.69,10700,3.45
2013-05-16,0.63,0.65,0.62,0.64,7300,3.20
2013-05-15,0.64,0.65,0.60,0.60,18900,3.00
2013-05-14,0.66,0.66,0.64,0.64,10600,3.20
2013-05-13,0.70,0.70,0.64,0.65,25800,3.25
2013-05-10,0.74,0.75,0.70,0.70,46600,3.50
2013-05-09,0.77,0.77,0.75,0.77,2800,3.85
2013-05-08,0.80,0.80,0.77,0.78,1500,3.90
2013-05-07,0.78,0.80,0.75,0.76,3400,3.80
2013-05-06,0.74,0.80,0.73,0.80,3400,4.00
2013-05-03,0.78,0.80,0.74,0.80,3300,4.00
2013-05-02,0.72,0.79,0.70,0.73,12700,3.65
2013-05-01,0.75,0.77,0.73,0.74,13700,3.70
2013-04-30,0.77,0.80,0.75,0.75,4500,3.75
2013-04-29,0.77,0.80,0.76,0.78,2600,3.90
2013-04-26,0.78,0.80,0.77,0.78,3300,3.90
2013-04-25,0.77,0.82,0.77,0.80,2500,4.00
2013-04-24,0.78,0.79,0.75,0.78,9700,3.90
2013-04-23,0.83,0.83,0.78,0.80,4900,4.00
2013-04-22,0.81,0.82,0.78,0.80,3600,4.00
2013-04-19,0.79,0.83,0.79,0.83,5300,4.15
2013-04-18,0.79,0.82,0.79,0.80,11300,4.00
2013-04-17,0.79,0.83,0.77,0.77,6700,3.85
2013-04-16,0.83,0.84,0.77,0.84,12800,4.20
2013-04-15,0.82,0.85,0.78,0.85,4600,4.25
2013-04-12,0.82,0.84,0.80,0.84,2200,4.20
2013-04-11,0.79,0.85,0.79,0.85,700,4.25
2013-04-10,0.77,0.86,0.77,0.84,8400,4.20
2013-04-09,0.85,0.85,0.76,0.76,5800,3.80
2013-04-08,0.83,0.85,0.80,0.81,800,4.05
2013-04-05,0.82,0.86,0.78,0.84,7000,4.20
2013-04-04,0.84,0.86,0.80,0.82,1900,4.10
2013-04-03,0.80,0.85,0.78,0.84,17700,4.20
2013-04-02,0.79,0.85,0.78,0.83,17700,4.15
2013-04-01,0.85,0.86,0.81,0.82,5500,4.10
2013-03-28,0.83,0.86,0.78,0.82,7400,4.10
2013-03-27,0.81,0.83,0.81,0.83,3300,4.15
2013-03-26,0.84,0.86,0.82,0.82,6600,4.10
2013-03-25,0.83,0.89,0.81,0.87,2600,4.35
2013-03-22,0.80,0.84,0.76,0.83,8100,4.15
2013-03-21,0.83,0.86,0.80,0.80,3600,4.00
2013-03-20,0.83,0.84,0.77,0.82,14900,4.10
2013-03-19,0.85,0.86,0.82,0.82,11800,4.10
2013-03-18,0.88,0.93,0.87,0.87,4300,4.35
2013-03-15,0.90,0.93,0.86,0.88,10700,4.40
2013-03-14,0.91,0.95,0.90,0.91,9700,4.55
2013-03-13,0.97,0.99,0.94,0.96,10300,4.80
2013-03-12,0.99,1.02,0.99,1.00,2200,5.00
2013-03-11,1.03,1.04,1.02,1.02,5900,5.10
2013-03-08,0.98,1.05,0.98,1.03,16600,5.15
2013-03-07,1.00,1.02,0.95,1.00,15400,5.00
2013-03-06,0.96,1.00,0.90,0.99,13900,4.95
2013-03-05,0.95,0.96,0.90,0.96,7800,4.80
2013-03-04,0.94,0.95,0.89,0.94,6600,4.70
2013-03-01,0.88,0.94,0.86,0.92,15000,4.60
2013-02-28,0.85,0.92,0.85,0.91,12100,4.55
2013-02-27,0.83,0.94,0.83,0.88,31100,4.40
2013-02-26,0.87,0.88,0.82,0.84,10100,4.20
2013-02-25,0.82,0.88,0.82,0.84,6900,4.20
2013-02-22,0.90,0.90,0.80,0.80,16800,4.00
2013-02-21,0.81,0.91,0.81,0.88,28200,4.40
2013-02-20,0.83,0.85,0.79,0.83,26500,4.15
2013-02-19,0.80,0.85,0.78,0.83,18300,4.15
2013-02-15,0.78,0.81,0.78,0.79,4200,3.95
2013-02-14,0.76,0.78,0.76,0.77,2000,3.85
2013-02-13,0.78,0.80,0.77,0.77,8700,3.85
2013-02-12,0.78,0.80,0.74,0.78,28800,3.90
2013-02-11,0.78,0.78,0.75,0.76,6400,3.80
2013-02-08,0.76,0.78,0.76,0.76,18900,3.80
2013-02-07,0.74,0.77,0.74,0.76,9900,3.80
2013-02-06,0.77,0.80,0.74,0.75,22700,3.75
2013-02-05,0.72,0.82,0.72,0.76,64900,3.80
2013-02-04,0.75,0.75,0.72,0.72,15700,3.60
2013-02-01,0.77,0.78,0.74,0.75,9900,3.75
2013-01-31,0.75,0.80,0.75,0.78,2300,3.90
2013-01-30,0.78,0.82,0.77,0.77,1300,3.85
2013-01-29,0.78,0.82,0.76,0.82,4600,4.10
2013-01-28,0.82,0.82,0.77,0.78,3300,3.90
2013-01-25,0.79,0.80,0.77,0.80,2600,4.00
2013-01-24,0.81,0.84,0.78,0.78,4100,3.90
2013-01-23,0.83,0.84,0.81,0.84,8700,4.20
2013-01-22,0.82,0.84,0.80,0.83,10500,4.15
2013-01-18,0.74,0.81,0.74,0.79,8000,3.95
2013-01-17,0.80,0.80,0.75,0.79,5800,3.95
2013-01-16,0.75,0.78,0.75,0.77,2300,3.85
2013-01-15,0.77,0.78,0.75,0.76,4100,3.80
2013-01-14,0.71,0.83,0.71,0.77,29100,3.85
2013-01-11,0.71,0.75,0.71,0.75,8200,3.75
2013-01-10,0.72,0.75,0.72,0.75,13000,3.75
2013-01-09,0.74,0.75,0.71,0.72,6400,3.60
2013-01-08,0.72,0.72,0.70,0.72,1400,3.60
2013-01-07,0.74,0.76,0.70,0.73,10300,3.65
2013-01-04,0.70,0.73,0.67,0.73,8900,3.65
2013-01-03,0.66,0.71,0.65,0.67,28200,3.35
2013-01-02,0.74,0.74,0.63,0.63,56200,3.15
2012-12-31,0.68,0.75,0.68,0.68,19400,3.40
2012-12-28,0.74,0.77,0.68,0.71,319700,3.55
2012-12-27,0.77,0.77,0.73,0.74,57400,3.70
2012-12-26,0.78,0.80,0.77,0.78,5100,3.90
2012-12-24,0.77,0.78,0.77,0.78,3700,3.90
2012-12-21,0.77,0.78,0.77,0.77,15600,3.85
2012-12-20,0.79,0.79,0.77,0.77,9000,3.85
2012-12-19,0.78,0.79,0.77,0.78,3800,3.90
2012-12-18,0.79,0.80,0.78,0.79,12300,3.95
2012-12-17,0.78,0.82,0.78,0.81,8500,4.05
2012-12-14,0.82,0.82,0.78,0.80,3700,4.00
2012-12-13,0.79,0.80,0.78,0.80,2500,4.00
2012-12-12,0.83,0.84,0.78,0.78,1900,3.90
2012-12-11,0.78,0.82,0.78,0.82,9100,4.10
2012-12-10,0.78,0.85,0.78,0.79,9800,3.95
2012-12-07,0.77,0.79,0.77,0.79,6500,3.95
2012-12-06,0.78,0.81,0.77,0.81,4500,4.05
2012-12-05,0.79,0.83,0.77,0.78,13200,3.90
2012-12-04,0.79,0.84,0.79,0.81,2900,4.05
2012-12-03,0.83,0.84,0.79,0.79,2400,3.95
2012-11-30,0.84,0.86,0.78,0.78,13900,3.90
2012-11-29,0.80,0.84,0.77,0.83,4100,4.15
2012-11-28,0.77,0.83,0.77,0.80,10500,4.00
2012-11-27,0.78,0.81,0.78,0.79,9100,3.95
2012-11-26,0.78,0.79,0.76,0.78,14200,3.90
2012-11-23,0.78,0.79,0.78,0.78,2600,3.90
2012-11-21,0.78,0.82,0.77,0.79,5900,3.95
2012-11-20,0.80,0.80,0.77,0.79,7300,3.95
2012-11-19,0.80,0.81,0.80,0.81,1700,4.05
2012-11-16,0.83,0.84,0.80,0.82,12200,4.10
2012-11-15,0.77,0.82,0.77,0.79,7800,3.95
2012-11-14,0.73,0.84,0.73,0.77,14700,3.85
2012-11-13,0.71,0.78,0.71,0.74,9500,3.70
2012-11-12,0.82,0.82,0.71,0.76,34900,3.80
2012-11-09,0.82,0.84,0.77,0.80,9700,4.00
2012-11-08,0.87,0.87,0.80,0.83,9400,4.15
2012-11-07,0.82,0.87,0.82,0.86,4200,4.30
2012-11-06,0.84,0.86,0.84,0.86,2300,4.30
2012-11-05,0.82,0.87,0.82,0.84,7200,4.20
2012-11-02,0.85,0.87,0.85,0.85,3600,4.25
2012-11-01,0.90,0.90,0.85,0.86,6500,4.30
2012-10-31,0.91,0.91,0.88,0.88,24700,4.40
2012-10-26,0.91,0.92,0.88,0.91,5500,4.55
2012-10-25,0.93,0.93,0.90,0.92,18900,4.60
2012-10-24,0.95,0.95,0.92,0.92,8100,4.60
2012-10-23,0.97,0.99,0.95,0.95,16800,4.75
2012-10-22,0.97,1.00,0.97,0.99,5500,4.95
2012-10-19,0.98,1.00,0.98,1.00,1100,5.00
2012-10-18,1.01,1.01,0.98,0.99,2600,4.95
2012-10-17,1.02,1.02,0.99,0.99,4700,4.95
2012-10-16,1.02,1.02,1.00,1.02,4400,5.10
2012-10-15,1.00,1.01,1.00,1.01,4100,5.05
2012-10-12,1.00,1.01,1.00,1.01,6500,5.05
2012-10-11,1.00,1.00,0.99,1.00,7800,5.00
2012-10-10,1.00,1.01,0.97,1.00,3900,5.00
2012-10-09,1.01,1.03,1.00,1.00,8500,5.00
2012-10-08,1.02,1.03,1.02,1.02,600,5.10
2012-10-05,1.05,1.05,1.01,1.01,3200,5.05
2012-10-04,1.01,1.05,1.01,1.05,6600,5.25
2012-10-03,1.07,1.07,1.01,1.05,17800,5.25
2012-10-02,1.05,1.06,1.04,1.05,10300,5.25
2012-10-01,1.05,1.07,1.05,1.05,19000,5.25
2012-09-28,1.09,1.12,1.04,1.04,6100,5.20
2012-09-27,1.09,1.19,1.06,1.07,39700,5.35
2012-09-26,1.05,1.09,1.04,1.09,13100,5.45
2012-09-25,1.07,1.08,1.05,1.05,500,5.25
2012-09-24,1.09,1.09,1.05,1.06,2900,5.30
2012-09-21,1.10,1.12,1.05,1.12,14700,5.60
2012-09-20,1.10,1.10,1.07,1.10,8800,5.50
2012-09-19,1.09,1.10,1.06,1.09,8200,5.45
2012-09-18,1.09,1.09,1.05,1.07,2600,5.35
2012-09-17,1.05,1.11,1.04,1.10,4000,5.50
2012-09-14,1.08,1.09,1.01,1.04,22400,5.20
2012-09-13,1.08,1.08,1.05,1.08,1600,5.40
2012-09-12,1.05,1.10,1.03,1.10,26400,5.50
2012-09-11,1.05,1.06,1.03,1.03,7100,5.15
2012-09-10,1.03,1.05,1.03,1.03,13500,5.15
2012-09-07,1.01,1.03,1.00,1.03,2500,5.15
2012-09-06,1.01,1.02,1.00,1.02,15200,5.10
2012-09-05,1.01,1.02,0.99,0.99,12700,4.95
2012-09-04,1.00,1.00,0.95,0.99,7600,4.95
2012-08-31,0.95,1.01,0.95,0.95,4400,4.75
2012-08-30,0.98,0.98,0.94,0.96,7200,4.80
2012-08-29,0.93,1.01,0.92,1.01,20300,5.05
2012-08-28,0.96,0.99,0.95,0.95,11100,4.75
2012-08-27,0.98,1.00,0.95,1.00,8600,5.00
2012-08-24,0.96,0.99,0.93,0.96,6300,4.80
2012-08-23,0.97,0.97,0.95,0.97,1300,4.85
2012-08-22,0.96,1.00,0.96,1.00,4200,5.00
2012-08-21,1.00,1.00,0.95,0.98,12700,4.90
2012-08-20,0.95,1.01,0.95,1.00,2400,5.00
2012-08-17,0.99,1.01,0.96,1.00,2300,5.00
2012-08-16,0.98,0.99,0.97,0.98,2900,4.90
2012-08-15,0.96,0.99,0.96,0.99,3700,4.95
2012-08-14,0.99,0.99,0.96,0.96,6800,4.80
2012-08-13,0.98,1.00,0.95,0.96,12800,4.80
2012-08-10,1.00,1.02,0.98,1.01,4800,5.05
2012-08-09,0.99,1.04,0.98,1.00,22700,5.00
2012-08-08,1.06,1.07,0.85,0.99,66900,4.95
2012-08-07,1.08,1.08,1.06,1.07,4000,5.35
2012-08-06,1.05,1.14,1.05,1.06,7100,5.30
2012-08-03,1.05,1.11,1.05,1.06,3000,5.30
2012-08-02,1.06,1.11,1.05,1.06,11600,5.30
2012-08-01,1.08,1.09,1.06,1.07,7800,5.35
2012-07-31,1.11,1.14,1.05,1.06,10400,5.30
2012-07-30,1.14,1.14,1.11,1.11,1800,5.55
2012-07-27,1.14,1.14,1.09,1.13,3200,5.65
2012-07-26,1.12,1.14,1.12,1.14,10700,5.70
2012-07-25,1.14,1.15,1.08,1.08,10500,5.40
2012-07-24,1.08,1.15,1.08,1.12,3600,5.60
2012-07-23,1.10,1.14,1.10,1.12,900,5.60
2012-07-20,1.14,1.14,1.10,1.14,4900,5.70
2012-07-19,1.15,1.15,1.10,1.14,10600,5.70
2012-07-18,1.12,1.15,1.09,1.13,5600,5.65
2012-07-17,1.07,1.16,1.05,1.12,14200,5.60
2012-07-16,1.05,1.15,1.05,1.10,9900,5.50
2012-07-13,1.07,1.14,1.06,1.07,6500,5.35
2012-07-12,1.12,1.14,1.07,1.11,15800,5.55
2012-07-11,1.14,1.16,1.10,1.14,4500,5.70
2012-07-10,1.15,1.15,1.14,1.14,3200,5.70
2012-07-09,1.14,1.15,1.14,1.15,4400,5.75
2012-07-06,1.15,1.16,1.15,1.15,2300,5.75
2012-07-05,1.15,1.17,1.14,1.17,2400,5.85
2012-07-03,1.17,1.17,1.15,1.16,4200,5.80
2012-07-02,1.17,1.19,1.14,1.15,2100,5.75
2012-06-29,1.19,1.20,1.15,1.17,8700,5.85
2012-06-28,1.15,1.19,1.15,1.19,16800,5.95
2012-06-27,1.19,1.19,1.14,1.16,5100,5.80
2012-06-26,1.15,1.23,1.14,1.18,43900,5.90
2012-06-25,1.20,1.27,1.14,1.14,4200,5.70
2012-06-22,1.14,1.20,1.14,1.20,7000,6.00
2012-06-21,1.18,1.20,1.13,1.15,5200,5.75
2012-06-20,1.18,1.19,1.17,1.17,6300,5.85
2012-06-19,1.19,1.20,1.18,1.20,7700,6.00
2012-06-18,1.18,1.20,1.14,1.15,9000,5.75
2012-06-15,1.19,1.20,1.18,1.19,14200,5.95
2012-06-14,1.15,1.19,1.13,1.15,8900,5.75
2012-06-13,1.09,1.15,1.07,1.15,6100,5.75
2012-06-12,1.07,1.14,1.07,1.09,34900,5.45
2012-06-11,1.08,1.10,1.06,1.08,12900,5.40
2012-06-08,1.10,1.14,1.08,1.08,7900,5.40
2012-06-07,1.11,1.16,1.08,1.10,5500,5.50
2012-06-06,1.16,1.17,1.10,1.11,9500,5.55
2012-06-05,1.11,1.16,1.11,1.16,7600,5.80
2012-06-04,1.14,1.16,1.10,1.14,29500,5.70
2012-06-01,1.10,1.15,1.06,1.12,18200,5.60
2012-05-31,1.20,1.20,1.11,1.11,14300,5.55
2012-05-30,1.16,1.21,1.15,1.19,3900,5.95
2012-05-29,1.18,1.20,1.15,1.15,8500,5.75
2012-05-25,1.19,1.22,1.17,1.22,5400,6.10
2012-05-24,1.22,1.22,1.15,1.17,4200,5.85
2012-05-23,1.20,1.21,1.15,1.20,15400,6.00
2012-05-22,1.28,1.29,1.21,1.21,17200,6.05
2012-05-21,1.26,1.35,1.25,1.30,8000,6.50
2012-05-18,1.31,1.35,1.31,1.32,6100,6.60
2012-05-17,1.31,1.31,1.30,1.31,2500,6.55
2012-05-16,1.31,1.34,1.30,1.30,6800,6.50
2012-05-15,1.39,1.39,1.32,1.32,5400,6.60
2012-05-14,1.42,1.42,1.35,1.37,13200,6.85
2012-05-11,1.40,1.45,1.31,1.41,59900,7.05
2012-05-10,1.47,1.49,1.43,1.43,10200,7.15
2012-05-09,1.44,1.51,1.42,1.47,2400,7.35
2012-05-08,1.50,1.58,1.42,1.47,16500,7.35
2012-05-07,1.55,1.57,1.51,1.55,6800,7.75
2012-05-04,1.54,1.55,1.53,1.54,3400,7.70
2012-05-03,1.56,1.57,1.53,1.53,3600,7.65
2012-05-02,1.51,1.58,1.51,1.55,4000,7.75
2012-05-01,1.52,1.57,1.50,1.57,3000,7.85
2012-04-30,1.52,1.53,1.50,1.52,11200,7.60
2012-04-27,1.60,1.60,1.51,1.52,3500,7.60
2012-04-26,1.54,1.64,1.52,1.60,8900,8.00
2012-04-25,1.61,1.61,1.50,1.55,8400,7.75
2012-04-24,1.62,1.68,1.60,1.61,26100,8.05
2012-04-23,1.57,1.61,1.56,1.59,8500,7.95
2012-04-20,1.55,1.60,1.55,1.60,16200,8.00
2012-04-19,1.57,1.57,1.51,1.54,8700,7.70
2012-04-18,1.58,1.59,1.50,1.56,10100,7.80
2012-04-17,1.60,1.65,1.46,1.56,79100,7.80
2012-04-16,1.46,1.48,1.42,1.42,8900,7.10
2012-04-13,1.45,1.47,1.44,1.44,4500,7.20
2012-04-12,1.48,1.48,1.45,1.45,5600,7.25
2012-04-11,1.44,1.49,1.43,1.49,7100,7.45
2012-04-10,1.46,1.47,1.41,1.45,14800,7.25
2012-04-09,1.40,1.44,1.32,1.44,10500,7.20
2012-04-05,1.44,1.44,1.40,1.40,24200,7.00
2012-04-04,1.49,1.49,1.40,1.48,22900,7.40
2012-04-03,1.53,1.53,1.45,1.50,10000,7.50
2012-04-02,1.58,1.58,1.45,1.55,48100,7.75
2012-03-30,1.61,1.61,1.58,1.59,25500,7.95
2012-03-29,1.61,1.62,1.60,1.62,12400,8.10
2012-03-28,1.62,1.63,1.60,1.62,8700,8.10
2012-03-27,1.61,1.63,1.60,1.62,11800,8.10
2012-03-26,1.62,1.63,1.60,1.62,19400,8.10
2012-03-23,1.60,1.65,1.60,1.62,182000,8.10
2012-03-22,1.61,1.63,1.60,1.61,11200,8.05
2012-03-21,1.60,1.63,1.59,1.60,17600,8.00
2012-03-20,1.62,1.65,1.60,1.60,16200,8.00
2012-03-19,1.65,1.65,1.60,1.63,16900,8.15
2012-03-16,1.65,1.65,1.61,1.65,29800,8.25
2012-03-15,1.64,1.66,1.58,1.65,31500,8.25
2012-03-14,1.72,1.90,1.61,1.62,655200,8.10
2012-03-13,1.70,1.70,1.65,1.67,13200,8.35
2012-03-12,1.70,1.70,1.65,1.70,13000,8.50
2012-03-09,1.67,1.70,1.66,1.70,14300,8.50
2012-03-08,1.65,1.67,1.65,1.65,6400,8.25
2012-03-07,1.61,1.66,1.60,1.65,8800,8.25
2012-03-06,1.60,1.61,1.60,1.60,9100,8.00
2012-03-05,1.60,1.66,1.59,1.61,10400,8.05
2012-03-02,1.66,1.66,1.61,1.61,7600,8.05
2012-03-01,1.68,1.70,1.64,1.65,14000,8.25
2012-02-29,1.69,1.70,1.67,1.67,6800,8.35
2012-02-28,1.70,1.70,1.68,1.68,5900,8.40
2012-02-27,1.70,1.70,1.67,1.70,6000,8.50
2012-02-24,1.68,1.70,1.67,1.70,9500,8.50
2012-02-23,1.70,1.71,1.68,1.68,59900,8.40
2012-02-22,1.71,1.73,1.70,1.71,10700,8.55
2012-02-21,1.75,1.75,1.70,1.71,14600,8.55
2012-02-17,1.75,1.75,1.73,1.75,12300,8.75
2012-02-16,1.74,1.75,1.71,1.75,9200,8.75
2012-02-15,1.78,1.78,1.70,1.70,39700,8.50
2012-02-14,1.78,1.79,1.75,1.78,38600,8.90
2012-02-13,1.79,1.80,1.75,1.76,20700,8.80
2012-02-10,1.80,1.80,1.75,1.75,19200,8.75
2012-02-09,1.73,1.80,1.71,1.78,91200,8.90
2012-02-08,1.65,1.74,1.65,1.71,20000,8.55
2012-02-07,1.66,1.73,1.65,1.65,58800,8.25
2012-02-06,1.63,1.68,1.59,1.65,14900,8.25
2012-02-03,1.60,1.63,1.59,1.60,2700,8.00
2012-02-02,1.60,1.64,1.57,1.61,8700,8.05
2012-02-01,1.61,1.64,1.59,1.60,11800,8.00
2012-01-31,1.61,1.66,1.60,1.60,9300,8.00
2012-01-30,1.59,1.66,1.53,1.65,35900,8.25
2012-01-27,1.58,1.62,1.58,1.61,14000,8.05
2012-01-26,1.60,1.60,1.54,1.59,7700,7.95
2012-01-25,1.52,1.60,1.52,1.60,6200,8.00
2012-01-24,1.52,1.57,1.46,1.52,16200,7.60
2012-01-23,1.57,1.60,1.51,1.54,20700,7.70
2012-01-20,1.63,1.63,1.54,1.57,14500,7.85
2012-01-19,1.64,1.66,1.60,1.61,12800,8.05
2012-01-18,1.60,1.67,1.60,1.62,36300,8.10
2012-01-17,1.55,1.60,1.53,1.60,30300,8.00
2012-01-13,1.51,1.54,1.50,1.54,11400,7.70
2012-01-12,1.51,1.54,1.50,1.50,9500,7.50
2012-01-11,1.52,1.54,1.50,1.50,12000,7.50
2012-01-10,1.50,1.54,1.50,1.54,7600,7.70
2012-01-09,1.55,1.55,1.50,1.52,14200,7.60
2012-01-06,1.56,1.60,1.53,1.53,18800,7.65
2012-01-05,1.54,1.58,1.54,1.55,19700,7.75
2012-01-04,1.56,1.59,1.53,1.53,23200,7.65
2012-01-03,1.58,1.58,1.53,1.55,11400,7.75